1747919850886 2.22846 0
1747919874909 1.77492 1
1747919897282 1.53223 2
1747919918949 1.4568 3
1747919940677 1.34748 4
1747919965707 1.23519 5
1747919989353 1.22318 6
1747920016328 1.21004 7
1747920039636 1.1487 8
1747920063546 1.10247 9
1747920088492 1.07265 10
1747920110688 0.99723 11
1747920132894 1.0115 12
1747920156979 1.01957 13
1747920178964 1.07913 14
1747920201617 0.95392 15
1747920226093 0.91507 16
1747920248339 1.00545 17
1747920271605 0.99898 18
1747920295646 0.95501 19
1747920319772 0.99509 20
1747920342730 0.92096 21
1747920365587 0.9354 22
1747920389014 0.99714 23
1747920412386 0.88977 24
1747920435963 0.88301 25
1747920458366 0.89871 26
1747920482769 0.89288 27
1747920505854 0.87854 28
1747920528922 0.87421 29
1747920552842 0.84205 30
1747920576864 0.8525 31
1747920599903 0.8133 32
1747920623540 0.80752 33
1747920646302 0.86986 34
1747920669741 0.81258 35
1747920693550 0.80933 36
1747920717250 0.79937 37
1747920740735 0.80608 38
1747920764807 0.86985 39
1747920786912 0.85338 40
1747920811493 0.7934 41
1747920833274 0.76691 42
1747920855387 0.77485 43
1747920878271 0.74214 44
1747920902198 0.83579 45
1747920925106 0.7815 46
1747920950219 0.71138 47
1747920980092 0.67681 48
1747921004929 0.74679 49
1747921034977 0.75504 50
1747921058395 0.70702 51
1747921082558 0.7157 52
1747921105112 0.66816 53
1747921127671 0.69674 54
1747921151350 0.66716 55
1747921174403 0.75133 56
1747921197013 0.66436 57
1747921221104 0.70299 58
1747921245398 0.6569 59
1747921267920 0.68239 60
1747921292177 0.70189 61
1747921317472 0.66358 62
1747921341593 0.67846 63
1747921364767 0.63063 64
1747921388971 0.6845 65
1747921414230 0.65943 66
1747921438020 0.63012 67
1747921462230 0.63645 68
1747921486135 0.62711 69
1747921510362 0.59188 70
1747921534601 0.62232 71
1747921559285 0.65308 72
1747921583871 0.62014 73
1747921608100 0.58257 74
1747921631894 0.58202 75
1747921656623 0.60865 76
1747921680681 0.57135 77
1747921706431 0.60734 78
1747921730749 0.58694 79
1747921755879 0.56906 80
1747921781700 0.57328 81
1747921806010 0.58205 82
1747921831501 0.60283 83
1747921855732 0.5683 84
1747921881331 0.56622 85
1747921904796 0.60551 86
1747921928935 0.5686 87
1747921953758 0.59314 88
1747921978128 0.54805 89
1747922002245 0.51816 90
1747922032865 0.50199 91
1747922059793 0.51892 92
1747922083323 0.53222 93
1747922106065 0.50568 94
1747922132392 0.52345 95
1747922153879 0.47346 96
1747922176893 0.45693 97
1747922200909 0.51316 98
1747922222614 0.45887 99
