1747919850886 3.46198 0
1747919874909 2.69792 1
1747919897282 1.87679 2
1747919918949 1.56257 3
1747919940677 1.42143 4
1747919965707 1.28809 5
1747919989353 1.3281 6
1747920016328 1.28564 7
1747920039636 1.21562 8
1747920063546 1.08353 9
1747920088492 1.11934 10
1747920110688 1.02518 11
1747920132894 0.98929 12
1747920156979 1.01944 13
1747920178964 1.04391 14
1747920201617 0.94261 15
1747920226093 0.89415 16
1747920248339 0.94339 17
1747920271605 0.95167 18
1747920295646 0.91839 19
1747920319772 0.96258 20
1747920342730 0.90662 21
1747920365587 0.8912 22
1747920389014 1.01489 23
1747920412386 0.87044 24
1747920435963 0.86103 25
1747920458366 0.88012 26
1747920482769 0.85413 27
1747920505854 0.85087 28
1747920528922 0.80936 29
1747920552842 0.79589 30
1747920576864 0.77938 31
1747920599903 0.7401 32
1747920623540 0.80185 33
1747920646302 0.7813 34
1747920669741 0.76843 35
1747920693550 0.68852 36
1747920717250 0.74654 37
1747920740735 0.7479 38
1747920764807 0.79628 39
1747920786912 0.76863 40
1747920811493 0.70923 41
1747920833274 0.70465 42
1747920855387 0.68065 43
1747920878271 0.64257 44
1747920902198 0.73496 45
1747920925106 0.66443 46
1747920950219 0.6762 47
1747920980092 0.60919 48
1747921004929 0.62268 49
1747921034977 0.65487 50
1747921058395 0.61123 51
1747921082558 0.66408 52
1747921105112 0.56686 53
1747921127671 0.60397 54
1747921151350 0.61359 55
1747921174403 0.66235 56
1747921197013 0.56826 57
1747921221104 0.59121 58
1747921245398 0.56684 59
1747921267920 0.58435 60
1747921292177 0.61793 61
1747921317472 0.58128 62
1747921341593 0.59325 63
1747921364767 0.57804 64
1747921388971 0.61769 65
1747921414230 0.55311 66
1747921438020 0.54143 67
1747921462230 0.53421 68
1747921486135 0.56369 69
1747921510362 0.51457 70
1747921534601 0.56177 71
1747921559285 0.55623 72
1747921583871 0.55095 73
1747921608100 0.50887 74
1747921631894 0.50176 75
1747921656623 0.50417 76
1747921680681 0.50135 77
1747921706431 0.52265 78
1747921730749 0.56252 79
1747921755879 0.50495 80
1747921781700 0.51623 81
1747921806010 0.50372 82
1747921831501 0.53636 83
1747921855732 0.48751 84
1747921881331 0.49853 85
1747921904796 0.52115 86
1747921928935 0.50684 87
1747921953758 0.52834 88
1747921978128 0.47904 89
1747922002245 0.57819 90
1747922032865 0.55293 91
1747922059793 0.52268 92
1747922083323 0.5112 93
1747922106065 0.47419 94
1747922132392 0.4551 95
1747922153879 0.44582 96
1747922176893 0.44059 97
1747922200909 0.4397 98
1747922222614 0.42421 99
