1747919850886 1.98441 0
1747919874909 1.66029 1
1747919897282 1.44584 2
1747919918949 1.33726 3
1747919940677 1.28655 4
1747919965707 1.2242 5
1747919989353 1.24766 6
1747920016328 1.2661 7
1747920039636 1.1931 8
1747920063546 1.14285 9
1747920088492 1.20001 10
1747920110688 1.09976 11
1747920132894 1.09249 12
1747920156979 1.126 13
1747920178964 1.16482 14
1747920201617 1.10702 15
1747920226093 1.08671 16
1747920248339 1.14929 17
1747920271605 1.14408 18
1747920295646 1.15091 19
1747920319772 1.14521 20
1747920342730 1.0771 21
1747920365587 1.07759 22
1747920389014 1.1728 23
1747920412386 1.10205 24
1747920435963 1.07809 25
1747920458366 1.10675 26
1747920482769 1.103 27
1747920505854 1.05163 28
1747920528922 1.08278 29
1747920552842 1.05142 30
1747920576864 1.04531 31
1747920599903 1.05186 32
1747920623540 1.04855 33
1747920646302 1.05847 34
1747920669741 1.04514 35
1747920693550 1.01184 36
1747920717250 1.01989 37
1747920740735 1.04054 38
1747920764807 1.08746 39
1747920786912 1.0612 40
1747920811493 1.02949 41
1747920833274 1.05098 42
1747920855387 1.04338 43
1747920878271 1.00114 44
1747920902198 1.07397 45
1747920925106 0.99912 46
1747920950219 1.0033 47
1747920980092 0.97993 48
1747921004929 1.01245 49
1747921034977 1.01068 50
1747921058395 0.97307 51
1747921082558 0.99511 52
1747921105112 0.98851 53
1747921127671 0.98882 54
1747921151350 0.97022 55
1747921174403 1.01829 56
1747921197013 0.95971 57
1747921221104 0.99221 58
1747921245398 0.96029 59
1747921267920 1.01943 60
1747921292177 0.99143 61
1747921317472 0.98706 62
1747921341593 0.99374 63
1747921364767 0.96295 64
1747921388971 0.99694 65
1747921414230 0.98775 66
1747921438020 0.95185 67
1747921462230 0.9783 68
1747921486135 0.96179 69
1747921510362 0.95815 70
1747921534601 0.98056 71
1747921559285 0.976 72
1747921583871 0.97039 73
1747921608100 0.95299 74
1747921631894 0.9502 75
1747921656623 0.95184 76
1747921680681 0.94775 77
1747921706431 0.94073 78
1747921730749 0.96625 79
1747921755879 0.92838 80
1747921781700 0.94252 81
1747921806010 0.95424 82
1747921831501 0.97514 83
1747921855732 0.94976 84
1747921881331 0.93391 85
1747921904796 0.97324 86
1747921928935 0.95459 87
1747921953758 0.95611 88
1747921978128 0.92131 89
1747922002245 0.90509 90
1747922032865 0.89586 91
1747922059793 0.91782 92
1747922083323 0.92657 93
1747922106065 0.88358 94
1747922132392 0.92259 95
1747922153879 0.89223 96
1747922176893 0.89555 97
1747922200909 0.89904 98
1747922222614 0.89914 99
