1747919854889 0.29171 0
1747919876372 0.53107 1
1747919898797 0.5241 2
1747919920555 0.47279 3
1747919942314 0.48326 4
1747919967467 0.50471 5
1747919991311 0.61787 6
1747920018222 0.69617 7
1747920041295 0.72656 8
1747920065418 0.70062 9
1747920090247 0.7263 10
1747920112355 0.74749 11
1747920134830 0.73054 12
1747920158621 0.70422 13
1747920180633 0.66376 14
1747920203450 0.69178 15
1747920227848 0.67171 16
1747920250219 0.61001 17
1747920273630 0.73339 18
1747920297337 0.75902 19
1747920321458 0.74525 20
1747920344534 0.74307 21
1747920367278 0.74907 22
1747920390729 0.70436 23
1747920414244 0.69461 24
1747920437580 0.67149 25
1747920460080 0.66762 26
1747920484393 0.69579 27
1747920507691 0.76539 28
1747920530580 0.78225 29
1747920554521 0.72076 30
1747920578592 0.70828 31
1747920601597 0.71897 32
1747920625301 0.74571 33
1747920648170 0.75754 34
1747920671613 0.74871 35
1747920695337 0.74835 36
1747920718934 0.7462 37
1747920742755 0.7349 38
1747920766590 0.69333 39
1747920788653 0.67005 40
1747920813256 0.68805 41
1747920835131 0.68708 42
1747920857132 0.71507 43
1747920880137 0.7295 44
1747920903975 0.73105 45
1747920926914 0.72514 46
1747920952408 0.74666 47
1747920981892 0.76373 48
1747921006757 0.75735 49
1747921036730 0.78026 50
1747921060138 0.77274 51
1747921084273 0.78975 52
1747921106966 0.79136 53
1747921129315 0.79295 54
1747921153314 0.77019 55
1747921175997 0.77614 56
1747921198691 0.75838 57
1747921222756 0.76162 58
1747921247083 0.78091 59
1747921269770 0.79211 60
1747921293850 0.79615 61
1747921319050 0.7775 62
1747921343259 0.79091 63
1747921366446 0.79982 64
1747921390932 0.80378 65
1747921415975 0.8039 66
1747921439721 0.7942 67
1747921463940 0.78777 68
1747921487972 0.78079 69
1747921512253 0.76783 70
1747921536304 0.77041 71
1747921561003 0.80405 72
1747921585604 0.80143 73
1747921609855 0.79762 74
1747921633707 0.79494 75
1747921658290 0.77048 76
1747921682351 0.76811 77
1747921708422 0.77814 78
1747921732479 0.7775 79
1747921757692 0.78211 80
1747921783623 0.78527 81
1747921807701 0.79906 82
1747921833260 0.7984 83
1747921857419 0.7995 84
1747921883157 0.79881 85
1747921906587 0.79797 86
1747921930835 0.79441 87
1747921955439 0.79242 88
1747921979906 0.78771 89
1747922004115 0.78449 90
1747922035072 0.77503 91
1747922061458 0.77499 92
1747922085251 0.78239 93
1747922108054 0.7823 94
1747922134077 0.76471 95
1747922155507 0.76824 96
1747922178627 0.76829 97
1747922202444 0.76675 98
1747922224728 0.76408 99
1747922228690 0.803878995649509 99
