1747919854889 0.16461 0
1747919876372 0.34625 1
1747919898797 0.31513 2
1747919920555 0.31963 3
1747919942314 0.34756 4
1747919967467 0.36593 5
1747919991311 0.44207 6
1747920018222 0.49204 7
1747920041295 0.55498 8
1747920065418 0.53853 9
1747920090247 0.53394 10
1747920112355 0.52821 11
1747920134830 0.52206 12
1747920158621 0.49598 13
1747920180633 0.49863 14
1747920203450 0.52447 15
1747920227848 0.48496 16
1747920250219 0.44639 17
1747920273630 0.50154 18
1747920297337 0.56358 19
1747920321458 0.56422 20
1747920344534 0.56631 21
1747920367278 0.56119 22
1747920390729 0.55529 23
1747920414244 0.54794 24
1747920437580 0.5326 25
1747920460080 0.54428 26
1747920484393 0.53124 27
1747920507691 0.58248 28
1747920530580 0.57645 29
1747920554521 0.53315 30
1747920578592 0.51384 31
1747920601597 0.53565 32
1747920625301 0.57363 33
1747920648170 0.5887 34
1747920671613 0.56279 35
1747920695337 0.55497 36
1747920718934 0.57279 37
1747920742755 0.54994 38
1747920766590 0.51356 39
1747920788653 0.52706 40
1747920813256 0.55958 41
1747920835131 0.556 42
1747920857132 0.54755 43
1747920880137 0.55671 44
1747920903975 0.56531 45
1747920926914 0.57767 46
1747920952408 0.59659 47
1747920981892 0.61514 48
1747921006757 0.61595 49
1747921036730 0.61866 50
1747921060138 0.62128 51
1747921084273 0.62703 52
1747921106966 0.61716 53
1747921129315 0.61798 54
1747921153314 0.57954 55
1747921175997 0.58737 56
1747921198691 0.58679 57
1747921222756 0.57774 58
1747921247083 0.59568 59
1747921269770 0.59302 60
1747921293850 0.60489 61
1747921319050 0.6152 62
1747921343259 0.63357 63
1747921366446 0.64199 64
1747921390932 0.64635 65
1747921415975 0.64987 66
1747921439721 0.63601 67
1747921463940 0.63407 68
1747921487972 0.63066 69
1747921512253 0.62817 70
1747921536304 0.62245 71
1747921561003 0.61398 72
1747921585604 0.63121 73
1747921609855 0.62971 74
1747921633707 0.62419 75
1747921658290 0.62091 76
1747921682351 0.61993 77
1747921708422 0.62235 78
1747921732479 0.6373 79
1747921757692 0.64163 80
1747921783623 0.63625 81
1747921807701 0.63786 82
1747921833260 0.64766 83
1747921857419 0.64845 84
1747921883157 0.6452 85
1747921906587 0.64706 86
1747921930835 0.64051 87
1747921955439 0.63989 88
1747921979906 0.64277 89
1747922004115 0.64751 90
1747922035072 0.62069 91
1747922061458 0.62961 92
1747922085251 0.63571 93
1747922108054 0.63208 94
1747922134077 0.62231 95
1747922155507 0.62212 96
1747922178627 0.61952 97
1747922202444 0.62227 98
1747922224728 0.62703 99
1747922228690 0.649738697236934 99
