1747919854889 0.57094 0
1747919876372 0.5979 1
1747919898797 0.58029 2
1747919920555 0.62054 3
1747919942314 0.35417 4
1747919967467 0.4661 5
1747919991311 0.599 6
1747920018222 0.70632 7
1747920041295 0.95996 8
1747920065418 1.0 9
1747920090247 0.7803 10
1747920112355 0.86656 11
1747920134830 0.6717 12
1747920158621 0.6589 13
1747920180633 0.81989 14
1747920203450 0.84439 15
1747920227848 0.73466 16
1747920250219 0.70241 17
1747920273630 0.79295 18
1747920297337 0.88682 19
1747920321458 0.83511 20
1747920344534 0.86937 21
1747920367278 0.80123 22
1747920390729 0.85875 23
1747920414244 0.85697 24
1747920437580 0.79147 25
1747920460080 0.88382 26
1747920484393 0.76726 27
1747920507691 0.86424 28
1747920530580 0.79329 29
1747920554521 0.77773 30
1747920578592 0.8393 31
1747920601597 0.85475 32
1747920625301 0.9193 33
1747920648170 0.86986 34
1747920671613 0.94782 35
1747920695337 0.93273 36
1747920718934 0.9403 37
1747920742755 0.83433 38
1747920766590 0.80542 39
1747920788653 0.698 40
1747920813256 0.74202 41
1747920835131 0.87887 42
1747920857132 0.85887 43
1747920880137 0.78136 44
1747920903975 0.8625 45
1747920926914 0.8473 46
1747920952408 0.86005 47
1747920981892 0.85085 48
1747921006757 0.82811 49
1747921036730 0.89203 50
1747921060138 0.80526 51
1747921084273 0.80677 52
1747921106966 0.80222 53
1747921129315 0.93101 54
1747921153314 0.78612 55
1747921175997 0.78332 56
1747921198691 0.79674 57
1747921222756 0.87273 58
1747921247083 0.88218 59
1747921269770 0.95851 60
1747921293850 0.85423 61
1747921319050 0.85574 62
1747921343259 0.92506 63
1747921366446 0.91629 64
1747921390932 0.93336 65
1747921415975 0.93143 66
1747921439721 0.89293 67
1747921463940 0.85081 68
1747921487972 0.80797 69
1747921512253 0.83247 70
1747921536304 0.8904 71
1747921561003 0.92933 72
1747921585604 0.87618 73
1747921609855 0.90907 74
1747921633707 0.92334 75
1747921658290 0.90213 76
1747921682351 0.88872 77
1747921708422 0.83916 78
1747921732479 0.80359 79
1747921757692 0.80468 80
1747921783623 0.8104 81
1747921807701 0.85484 82
1747921833260 0.88056 83
1747921857419 0.90278 84
1747921883157 0.85286 85
1747921906587 0.87969 86
1747921930835 0.90109 87
1747921955439 0.93203 88
1747921979906 0.93318 89
1747922004115 0.84704 90
1747922035072 0.83886 91
1747922061458 0.84835 92
1747922085251 0.93065 93
1747922108054 0.90212 94
1747922134077 0.9186 95
1747922155507 0.92029 96
1747922178627 0.92172 97
1747922202444 0.92049 98
1747922224728 0.93068 99
1747922228690 0.931441221446975 99
