1747919854889 0.33333 0
1747919876372 0.4359 1
1747919898797 0.48718 2
1747919920555 0.37761 3
1747919942314 0.61538 4
1747919967467 0.53846 5
1747919991311 0.66667 6
1747920018222 0.69231 7
1747920041295 0.61479 8
1747920065418 0.58565 9
1747920090247 0.64103 10
1747920112355 0.58974 11
1747920134830 0.71795 12
1747920158621 0.71795 13
1747920180633 0.58974 14
1747920203450 0.58974 15
1747920227848 0.63901 16
1747920250219 0.5641 17
1747920273630 0.69231 18
1747920297337 0.64103 19
1747920321458 0.69231 20
1747920344534 0.66667 21
1747920367278 0.64103 22
1747920390729 0.61538 23
1747920414244 0.61453 24
1747920437580 0.61538 25
1747920460080 0.5641 26
1747920484393 0.64103 27
1747920507691 0.65315 28
1747920530580 0.66667 29
1747920554521 0.71775 30
1747920578592 0.64103 31
1747920601597 0.61538 32
1747920625301 0.66667 33
1747920648170 0.71795 34
1747920671613 0.66667 35
1747920695337 0.66667 36
1747920718934 0.64103 37
1747920742755 0.71795 38
1747920766590 0.69231 39
1747920788653 0.66667 40
1747920813256 0.69231 41
1747920835131 0.64103 42
1747920857132 0.61538 43
1747920880137 0.66667 44
1747920903975 0.69231 45
1747920926914 0.69231 46
1747920952408 0.69231 47
1747920981892 0.74359 48
1747921006757 0.76923 49
1747921036730 0.74359 50
1747921060138 0.76923 51
1747921084273 0.76923 52
1747921106966 0.76923 53
1747921129315 0.6921 54
1747921153314 0.71795 55
1747921175997 0.74359 56
1747921198691 0.71795 57
1747921222756 0.71795 58
1747921247083 0.69231 59
1747921269770 0.69231 60
1747921293850 0.74359 61
1747921319050 0.76069 62
1747921343259 0.74359 63
1747921366446 0.74359 64
1747921390932 0.76923 65
1747921415975 0.76923 66
1747921439721 0.76923 67
1747921463940 0.76923 68
1747921487972 0.75536 69
1747921512253 0.7646 70
1747921536304 0.71795 71
1747921561003 0.74359 72
1747921585604 0.76923 73
1747921609855 0.76908 74
1747921633707 0.74359 75
1747921658290 0.70921 76
1747921682351 0.69231 77
1747921708422 0.69231 78
1747921732479 0.73453 79
1747921757692 0.76923 80
1747921783623 0.76923 81
1747921807701 0.75516 82
1747921833260 0.71795 83
1747921857419 0.71443 84
1747921883157 0.7431 85
1747921906587 0.69231 86
1747921930835 0.70097 87
1747921955439 0.70339 88
1747921979906 0.71619 89
1747922004115 0.71795 90
1747922035072 0.71795 91
1747922061458 0.71722 92
1747922085251 0.68826 93
1747922108054 0.71795 94
1747922134077 0.69231 95
1747922155507 0.69231 96
1747922178627 0.69231 97
1747922202444 0.69231 98
1747922224728 0.68863 99
1747922228690 0.7692307692307693 99
