1747853934997 109.62317 0
1747854001640 99.30283 1
1747854071449 85.2571 2
1747854141007 75.35258 3
1747854211685 69.37917 4
1747854280798 64.71558 5
1747854350020 60.84907 6
1747854416512 60.10717 7
1747854484049 54.42062 8
1747854568941 50.24674 9
1747854654155 46.81882 10
1747854733368 43.40778 11
1747854827788 40.0399 12
1747854915432 37.30209 13
1747854987750 34.30699 14
1747855065344 31.67494 15
1747855135533 29.10229 16
1747855206501 26.63218 17
1747855275334 24.2695 18
1747855341607 22.18793 19
1747855413232 20.67956 20
1747855479853 18.75108 21
1747855546376 17.07074 22
1747855614606 15.59075 23
1747855699757 14.08752 24
1747855774100 12.78499 25
1747855869594 11.59721 26
1747855950419 10.45587 27
