1747853934997 0.0 0
1747854001640 0.0 1
1747854071449 0.0 2
1747854141007 0.0 3
1747854211685 0.0 4
1747854280798 0.0 5
1747854350020 0.0 6
1747854416512 0.0 7
1747854484049 0.0 8
1747854568941 0.0 9
1747854654155 0.0 10
1747854733368 0.0 11
1747854827788 0.0 12
1747854915432 0.0 13
1747854987750 0.0 14
1747855065344 0.0 15
1747855135533 0.0 16
1747855206501 0.0 17
1747855275334 0.0 18
1747855341607 0.0 19
1747855413232 0.0 20
1747855479853 0.0 21
1747855546376 0.0 22
1747855614606 0.0 23
1747855699757 0.0 24
1747855774100 0.0 25
1747855869594 0.0 26
1747855950419 0.0 27
