1747922865479 0.00034 0
1747922953473 0.0006930700000000001 1
1747923044982 0.001039012 2
1747923150434 0.001377826 3
1747923229263 0.001709512 4
1747923304464 0.0019010000000000001 5
1747923379410 0.0018812 6
1747923454363 0.0018614 7
1747923533271 0.0018416 8
1747923607781 0.0018218000000000002 9
1747923686468 0.001802 10
1747923760759 0.0017822 11
1747923835768 0.0017624 12
1747923916414 0.0017426 13
1747923991828 0.0017228 14
1747924073063 0.001703 15
1747924147942 0.0016832000000000001 16
1747924227827 0.0016634 17
1747924306085 0.0016436000000000003 18
1747924387853 0.0016238000000000001 19
1747924473125 0.0016040000000000002 20
1747924550747 0.0015842 21
1747924633942 0.0015644 22
1747924718333 0.0015446 23
1747924800404 0.0015248 24
1747924881420 0.0015049999999999998 25
1747924965166 0.0014852 26
1747925046538 0.0014654000000000002 27
1747925124771 0.0014456 28
1747925208301 0.0014258 29
1747925284151 0.001406 30
1747925366511 0.0013862 31
1747925449379 0.0013663999999999998 32
1747925526528 0.0013465999999999999 33
1747925610414 0.0013267999999999997 34
1747925688998 0.001307 35
1747925767318 0.0012872 36
1747925846180 0.0012674000000000001 37
1747925922154 0.0012476 38
1747926003127 0.0012278 39
1747926075773 0.001208 40
1747926157416 0.0011882000000000002 41
1747926234400 0.0011684000000000002 42
1747926311290 0.0011486 43
1747926393477 0.0011288000000000001 44
1747926467779 0.001109 45
1747926548186 0.0010892000000000002 46
1747926629901 0.0010694 47
1747926705376 0.0010496000000000001 48
1747926787325 0.0010298 49
1747926868339 0.00101 50
1747926946637 0.0009901999999999999 51
1747927027843 0.0009704 52
1747927108965 0.0009506 53
1747927189149 0.0009308 54
1747927268713 0.0009109999999999999 55
1747927349773 0.0008911999999999999 56
1747927431010 0.0008714 57
1747927516175 0.0008516000000000001 58
1747927598065 0.0008318000000000002 59
1747927680084 0.0008120000000000001 60
1747927763632 0.0007922000000000001 61
1747927860059 0.0007724 62
1747927981157 0.0007526000000000001 63
1747928100042 0.0007328 64
1747928222666 0.000713 65
1747928342686 0.0006931999999999999 66
1747928862164 0.0006733999999999999 67
1747928944087 0.0006536 68
1747929017693 0.0006338000000000001 69
1747929094186 0.0006140000000000001 70
1747929181984 0.0005942 71
1747929256494 0.0005744000000000001 72
1747929324168 0.0005546000000000001 73
1747929399051 0.0005348000000000001 74
1747929466502 0.000515 75
1747929537546 0.0004952 76
1747929618399 0.0004754 77
1747929698779 0.00045559999999999996 78
1747929775866 0.00043579999999999997 79
1747929844031 0.0004159999999999999 80
1747929922051 0.00039619999999999987 81
1747930002332 0.00037640000000000015 82
1747930082689 0.0003566000000000001 83
1747930163232 0.0003368000000000001 84
1747930242985 0.00031700000000000006 85
1747930322546 0.0002972 86
1747930401198 0.0002774 87
1747930483147 0.00025760000000000003 88
1747930558792 0.00023779999999999995 89
1747930639386 0.00021799999999999996 90
1747930714667 0.00019819999999999994 91
1747930790774 0.00017839999999999992 92
1747930867182 0.00015859999999999987 93
1747930942459 0.0001388000000000001 94
1747931018327 0.0001190000000000001 95
1747931094582 9.920000000000008e-05 96
1747931172171 7.940000000000006e-05 97
1747931248452 5.9600000000000046e-05 98
1747931324523 3.980000000000002e-05 99
