1747856188594 0.00016 0
1747856232022 0.00033663400000000004 1
1747856296024 0.000509704 2
1747856339813 0.00067921 3
1747856377522 0.000845152 4
1747856415667 0.0010075300000000002 5
1747856465807 0.001166344 6
1747856513444 0.0013215940000000002 7
1747856559175 0.00147328 8
1747856603587 0.001621402 9
1747856662998 0.00176596 10
1747856714090 0.0017822 11
1747856748006 0.0017624 12
1747856797801 0.0017426 13
1747856842342 0.0017228 14
1747856879756 0.001703 15
1747856915099 0.0016832000000000001 16
1747856951311 0.0016634 17
1747856989484 0.0016436000000000003 18
1747857031921 0.0016238000000000001 19
1747857076154 0.0016040000000000002 20
1747857113759 0.0015842 21
1747857147799 0.0015644 22
1747857181103 0.0015446 23
1747857217039 0.0015248 24
1747857254838 0.0015049999999999998 25
1747857297286 0.0014852 26
1747857336765 0.0014654000000000002 27
1747857371224 0.0014456 28
1747857404133 0.0014258 29
1747857443900 0.001406 30
1747857489332 0.0013862 31
1747857523371 0.0013663999999999998 32
1747857561557 0.0013465999999999999 33
1747857606585 0.0013267999999999997 34
1747857647402 0.001307 35
1747857680566 0.0012872 36
1747857712802 0.0012674000000000001 37
1747857744398 0.0012476 38
1747857777302 0.0012278 39
1747857811959 0.001208 40
1747857851425 0.0011882000000000002 41
1747857890477 0.0011684000000000002 42
1747857923437 0.0011486 43
1747857959105 0.0011288000000000001 44
1747857996353 0.001109 45
1747858027964 0.0010892000000000002 46
1747858059590 0.0010694 47
1747858106093 0.0010496000000000001 48
1747858141021 0.0010298 49
1747858172906 0.00101 50
1747858213413 0.0009901999999999999 51
1747858258030 0.0009704 52
1747858289534 0.0009506 53
1747858322331 0.0009308 54
1747858368377 0.0009109999999999999 55
1747858418774 0.0008911999999999999 56
1747858455430 0.0008714 57
1747858487663 0.0008516000000000001 58
1747858521839 0.0008318000000000002 59
1747858566243 0.0008120000000000001 60
1747858610084 0.0007922000000000001 61
1747858656439 0.0007724 62
1747858695388 0.0007526000000000001 63
1747858727475 0.0007328 64
1747858761495 0.000713 65
1747858800445 0.0006931999999999999 66
1747858842108 0.0006733999999999999 67
1747858884409 0.0006536 68
1747858923326 0.0006338000000000001 69
1747858957341 0.0006140000000000001 70
1747858990542 0.0005942 71
1747859026522 0.0005744000000000001 72
1747859064551 0.0005546000000000001 73
1747859107541 0.0005348000000000001 74
1747859149757 0.000515 75
1747859186452 0.0004952 76
1747859220044 0.0004754 77
1747859253134 0.00045559999999999996 78
1747859290162 0.00043579999999999997 79
1747859329019 0.0004159999999999999 80
1747859369289 0.00039619999999999987 81
1747859405115 0.00037640000000000015 82
1747859437861 0.0003566000000000001 83
1747859476206 0.0003368000000000001 84
1747859515452 0.00031700000000000006 85
1747859552716 0.0002972 86
1747859588812 0.0002774 87
1747859626038 0.00025760000000000003 88
1747859667372 0.00023779999999999995 89
1747859707863 0.00021799999999999996 90
1747859743580 0.00019819999999999994 91
1747859779406 0.00017839999999999992 92
1747859818760 0.00015859999999999987 93
1747859859226 0.0001388000000000001 94
1747859907495 0.0001190000000000001 95
1747859955265 9.920000000000008e-05 96
1747859993723 7.940000000000006e-05 97
1747860033341 5.9600000000000046e-05 98
1747860076710 3.980000000000002e-05 99
