1747856192054 0.46027 0
1747856235663 0.45028 1
1747856299648 0.43959 2
1747856343177 0.30767 3
1747856380747 0.3487 4
1747856419007 0.28163 5
1747856469487 0.12781 6
1747856517589 0.06741 7
1747856562450 0.15422 8
1747856608832 0.17474 9
1747856665870 0.18922 10
1747856716950 0.27313 11
1747856750894 0.24423 12
1747856801912 0.21454 13
1747856845171 0.192 14
1747856882449 0.29719 15
1747856917794 0.31655 16
1747856954225 0.30009 17
1747856992555 0.3216 18
1747857035827 0.34992 19
1747857079952 0.37279 20
1747857116735 0.29887 21
1747857150563 0.29155 22
1747857184008 0.26192 23
1747857219998 0.19069 24
1747857258037 0.32082 25
1747857300788 0.32603 26
1747857339713 0.29321 27
1747857373925 0.41361 28
1747857406951 0.36856 29
1747857447693 0.24457 30
1747857492270 0.31894 31
1747857526064 0.36568 32
1747857565183 0.34539 33
1747857609789 0.34206 34
1747857650424 0.34721 35
1747857683309 0.35017 36
1747857715560 0.34458 37
1747857747007 0.30301 38
1747857780164 0.36295 39
1747857815284 0.35121 40
1747857854537 0.30473 41
1747857893655 0.34063 42
1747857926143 0.3541 43
1747857963330 0.37066 44
1747857999098 0.45624 45
1747858030594 0.46639 46
1747858062795 0.25641 47
1747858109114 0.36451 48
1747858143655 0.40376 49
1747858175563 0.38504 50
1747858216431 0.42812 51
1747858260743 0.48231 52
1747858292328 0.46989 53
1747858325943 0.37941 54
1747858371525 0.37024 55
1747858422701 0.42681 56
1747858458039 0.44955 57
1747858490861 0.36079 58
1747858524579 0.39155 59
1747858569323 0.40965 60
1747858613039 0.41021 61
1747858659230 0.40697 62
1747858697880 0.406 63
1747858730257 0.40368 64
1747858764273 0.38371 65
1747858803508 0.36 66
1747858845523 0.3106 67
1747858887675 0.31515 68
1747858926310 0.34976 69
1747858960116 0.36982 70
1747858993267 0.38164 71
1747859029396 0.37074 72
1747859067721 0.36374 73
1747859110638 0.38718 74
1747859153062 0.34665 75
1747859189350 0.31454 76
1747859222930 0.33408 77
1747859256257 0.39209 78
1747859293531 0.44795 79
1747859332410 0.44408 80
1747859372406 0.43022 81
1747859407941 0.3845 82
1747859441445 0.39645 83
1747859479085 0.40906 84
1747859518538 0.42082 85
1747859555825 0.41125 86
1747859591927 0.40752 87
1747859629148 0.4023 88
1747859670452 0.396 89
1747859710723 0.3566 90
1747859746723 0.31474 91
1747859782451 0.29942 92
1747859821908 0.30573 93
1747859862080 0.341 94
1747859913570 0.35307 95
1747859958151 0.36736 96
1747859996684 0.37902 97
1747860036349 0.39632 98
1747860080863 0.38985 99
1747860090354 0.4816107316594412 99
