1747856192054 0.73944 0
1747856235663 0.65287 1
1747856299648 0.69168 2
1747856343177 0.45385 3
1747856380747 0.55051 4
1747856419007 0.4655 5
1747856469487 0.29073 6
1747856517589 0.20488 7
1747856562450 0.37489 8
1747856608832 0.39784 9
1747856665870 0.48214 10
1747856716950 0.51274 11
1747856750894 0.5201 12
1747856801912 0.36552 13
1747856845171 0.34407 14
1747856882449 0.64863 15
1747856917794 0.47396 16
1747856954225 0.47331 17
1747856992555 0.54617 18
1747857035827 0.56624 19
1747857079952 0.59971 20
1747857116735 0.54633 21
1747857150563 0.54002 22
1747857184008 0.55011 23
1747857219998 0.34622 24
1747857258037 0.56386 25
1747857300788 0.63482 26
1747857339713 0.58197 27
1747857373925 0.74392 28
1747857406951 0.74452 29
1747857447693 0.51666 30
1747857492270 0.58411 31
1747857526064 0.67022 32
1747857565183 0.67562 33
1747857609789 0.67288 34
1747857650424 0.6728 35
1747857683309 0.67834 36
1747857715560 0.61166 37
1747857747007 0.59712 38
1747857780164 0.61723 39
1747857815284 0.62653 40
1747857854537 0.64254 41
1747857893655 0.57186 42
1747857926143 0.61696 43
1747857963330 0.70375 44
1747857999098 0.78863 45
1747858030594 0.74275 46
1747858062795 0.50175 47
1747858109114 0.66032 48
1747858143655 0.69994 49
1747858175563 0.69364 50
1747858216431 0.80223 51
1747858260743 0.84631 52
1747858292328 0.8329 53
1747858325943 0.70153 54
1747858371525 0.72766 55
1747858422701 0.82744 56
1747858458039 0.79448 57
1747858490861 0.71108 58
1747858524579 0.71562 59
1747858569323 0.73581 60
1747858613039 0.67647 61
1747858659230 0.67831 62
1747858697880 0.67542 63
1747858730257 0.66656 64
1747858764273 0.60656 65
1747858803508 0.60447 66
1747858845523 0.63309 67
1747858887675 0.60572 68
1747858926310 0.68681 69
1747858960116 0.79063 70
1747858993267 0.78166 71
1747859029396 0.76141 72
1747859067721 0.72044 73
1747859110638 0.69887 74
1747859153062 0.70767 75
1747859189350 0.65757 76
1747859222930 0.6699 77
1747859256257 0.69357 78
1747859293531 0.73957 79
1747859332410 0.75139 80
1747859372406 0.76005 81
1747859407941 0.73581 82
1747859441445 0.75497 83
1747859479085 0.73837 84
1747859518538 0.79457 85
1747859555825 0.75668 86
1747859591927 0.73288 87
1747859629148 0.71048 88
1747859670452 0.7029 89
1747859710723 0.69442 90
1747859746723 0.65991 91
1747859782451 0.60966 92
1747859821908 0.57683 93
1747859862080 0.64991 94
1747859913570 0.65132 95
1747859958151 0.67257 96
1747859996684 0.68859 97
1747860036349 0.69839 98
1747860080863 0.6928 99
1747860090354 0.8458306403249465 99
