1747856192054 0.00426 0
1747856235663 0.00426 1
1747856299648 0.90355 2
1747856343177 0.51617 3
1747856380747 0.75913 4
1747856419007 0.66031 5
1747856469487 0.35078 6
1747856517589 0.52075 7
1747856562450 0.84641 8
1747856608832 0.6975 9
1747856665870 0.46593 10
1747856716950 0.41223 11
1747856750894 0.39799 12
1747856801912 0.33785 13
1747856845171 0.3309 14
1747856882449 0.85241 15
1747856917794 0.43854 16
1747856954225 0.47107 17
1747856992555 0.40513 18
1747857035827 0.52759 19
1747857079952 0.62097 20
1747857116735 0.84177 21
1747857150563 0.59729 22
1747857184008 0.61448 23
1747857219998 0.38842 24
1747857258037 0.59903 25
1747857300788 0.9216 26
1747857339713 0.80234 27
1747857373925 0.69081 28
1747857406951 0.71664 29
1747857447693 0.80205 30
1747857492270 0.56591 31
1747857526064 0.57757 32
1747857565183 0.70155 33
1747857609789 0.76506 34
1747857650424 0.85846 35
1747857683309 0.72837 36
1747857715560 0.65148 37
1747857747007 0.56752 38
1747857780164 0.52539 39
1747857815284 0.68702 40
1747857854537 0.67095 41
1747857893655 0.72681 42
1747857926143 0.78591 43
1747857963330 0.83225 44
1747857999098 0.80897 45
1747858030594 0.75505 46
1747858062795 0.78018 47
1747858109114 0.92518 48
1747858143655 0.93043 49
1747858175563 0.92116 50
1747858216431 0.99119 51
1747858260743 0.87973 52
1747858292328 0.95959 53
1747858325943 0.84388 54
1747858371525 0.75392 55
1747858422701 0.84653 56
1747858458039 0.79463 57
1747858490861 0.8813 58
1747858524579 0.9866 59
1747858569323 0.83911 60
1747858613039 0.80956 61
1747858659230 0.92849 62
1747858697880 0.92521 63
1747858730257 1.0 64
1747858764273 0.76435 65
1747858803508 0.71056 66
1747858845523 0.86209 67
1747858887675 0.75551 68
1747858926310 0.80172 69
1747858960116 0.93929 70
1747858993267 0.75916 71
1747859029396 0.76098 72
1747859067721 0.7258 73
1747859110638 0.72053 74
1747859153062 0.75166 75
1747859189350 0.777 76
1747859222930 0.70277 77
1747859256257 0.82794 78
1747859293531 0.85062 79
1747859332410 0.7795 80
1747859372406 0.82167 81
1747859407941 0.77637 82
1747859441445 0.83944 83
1747859479085 0.91912 84
1747859518538 0.84194 85
1747859555825 0.82865 86
1747859591927 1.0 87
1747859629148 1.0 88
1747859670452 0.90765 89
1747859710723 1.0 90
1747859746723 0.87495 91
1747859782451 0.79811 92
1747859821908 0.83722 93
1747859862080 0.80799 94
1747859913570 0.82339 95
1747859958151 0.82861 96
1747859996684 0.82753 97
1747860036349 0.87655 98
1747860080863 0.87331 99
1747860090354 0.8800773787798208 99
