1747856192054 1.0 0
1747856235663 1.0 1
1747856299648 0.30435 2
1747856343177 0.34783 3
1747856380747 0.34783 4
1747856419007 0.26087 5
1747856469487 0.3913 6
1747856517589 0.13043 7
1747856562450 0.24128 8
1747856608832 0.34783 9
1747856665870 0.6087 10
1747856716950 0.69565 11
1747856750894 0.56522 12
1747856801912 0.43478 13
1747856845171 0.43478 14
1747856882449 0.56522 15
1747856917794 0.6087 16
1747856954225 0.52174 17
1747856992555 0.6087 18
1747857035827 0.6087 19
1747857079952 0.6087 20
1747857116735 0.46339 21
1747857150563 0.52174 22
1747857184008 0.52174 23
1747857219998 0.56522 24
1747857258037 0.51974 25
1747857300788 0.47826 26
1747857339713 0.47826 27
1747857373925 0.69565 28
1747857406951 0.69565 29
1747857447693 0.43478 30
1747857492270 0.56522 31
1747857526064 0.65217 32
1747857565183 0.61342 33
1747857609789 0.56641 34
1747857650424 0.6087 35
1747857683309 0.58349 36
1747857715560 0.56908 37
1747857747007 0.62802 38
1747857780164 0.62607 39
1747857815284 0.65217 40
1747857854537 0.65217 41
1747857893655 0.56522 42
1747857926143 0.56522 43
1747857963330 0.65217 44
1747857999098 0.73659 45
1747858030594 0.6706 46
1747858062795 0.43478 47
1747858109114 0.56522 48
1747858143655 0.65217 49
1747858175563 0.56522 50
1747858216431 0.69565 51
1747858260743 0.73913 52
1747858292328 0.69565 53
1747858325943 0.6087 54
1747858371525 0.69565 55
1747858422701 0.72 56
1747858458039 0.73913 57
1747858490861 0.64597 58
1747858524579 0.6087 59
1747858569323 0.68081 60
1747858613039 0.6087 61
1747858659230 0.56454 62
1747858697880 0.56522 63
1747858730257 0.51333 64
1747858764273 0.56522 65
1747858803508 0.56522 66
1747858845523 0.56522 67
1747858887675 0.56522 68
1747858926310 0.6087 69
1747858960116 0.67336 70
1747858993267 0.68561 71
1747859029396 0.73913 72
1747859067721 0.73913 73
1747859110638 0.69565 74
1747859153062 0.65822 75
1747859189350 0.6061 76
1747859222930 0.65217 77
1747859256257 0.65217 78
1747859293531 0.65217 79
1747859332410 0.69565 80
1747859372406 0.69565 81
1747859407941 0.69565 82
1747859441445 0.69565 83
1747859479085 0.6087 84
1747859518538 0.69483 85
1747859555825 0.65217 86
1747859591927 0.59289 87
1747859629148 0.60326 88
1747859670452 0.6087 89
1747859710723 0.60541 90
1747859746723 0.60841 91
1747859782451 0.6087 92
1747859821908 0.52174 93
1747859862080 0.6087 94
1747859913570 0.65217 95
1747859958151 0.65217 96
1747859996684 0.65217 97
1747860036349 0.65217 98
1747860080863 0.65217 99
1747860090354 0.7391304347826086 99
