1747922869389 0.45266 0
1747922955235 0.56107 1
1747923047683 0.54034 2
1747923153409 0.35224 3
1747923231040 0.29147 4
1747923306231 0.19023 5
1747923381224 0.21961 6
1747923456167 0.39736 7
1747923535241 0.27137 8
1747923609782 0.43198 9
1747923688357 0.53151 10
1747923762570 0.48051 11
1747923837648 0.4953 12
1747923918242 0.50973 13
1747923993679 0.59159 14
1747924074954 0.61228 15
1747924149787 0.56593 16
1747924229805 0.60342 17
1747924307969 0.57615 18
1747924390403 0.51589 19
1747924475220 0.40941 20
1747924552596 0.54732 21
1747924635984 0.57932 22
1747924720613 0.63214 23
1747924802172 0.57894 24
1747924883398 0.51127 25
1747924967212 0.61223 26
1747925048386 0.56756 27
1747925126760 0.47092 28
1747925210244 0.48942 29
1747925286029 0.66179 30
1747925368631 0.66652 31
1747925451412 0.62313 32
1747925528491 0.54988 33
1747925612521 0.42186 34
1747925690828 0.61129 35
1747925769411 0.68646 36
1747925848098 0.70862 37
1747925924268 0.70366 38
1747926005129 0.71759 39
1747926077672 0.66823 40
1747926159415 0.63244 41
1747926236180 0.51658 42
1747926313589 0.64725 43
1747926395488 0.68226 44
1747926469586 0.67003 45
1747926550376 0.68329 46
1747926631739 0.73385 47
1747926707479 0.70811 48
1747926789371 0.68465 49
1747926870301 0.6938 50
1747926948465 0.68457 51
1747927030023 0.72673 52
1747927111122 0.72095 53
1747927191097 0.70668 54
1747927270851 0.69608 55
1747927351693 0.69858 56
1747927432914 0.77908 57
1747927518285 0.70656 58
1747927599824 0.61266 59
1747927682072 0.61269 60
1747927765509 0.73022 61
1747927863021 0.73462 62
1747927984230 0.74912 63
1747928103067 0.77173 64
1747928225708 0.7124 65
1747928345675 0.71592 66
1747928864662 0.70166 67
1747928945841 0.67619 68
1747929019462 0.66666 69
1747929096031 0.72668 70
1747929184438 0.76526 71
1747929258091 0.7256 72
1747929325918 0.73041 73
1747929400968 0.75529 74
1747929468130 0.73574 75
1747929539400 0.71347 76
1747929620424 0.7342 77
1747929701233 0.71667 78
1747929777494 0.69773 79
1747929845977 0.69594 80
1747929924016 0.71256 81
1747930004394 0.74943 82
1747930084626 0.75755 83
1747930165284 0.76454 84
1747930245173 0.74422 85
1747930324568 0.70909 86
1747930403192 0.70566 87
1747930485203 0.7057 88
1747930560845 0.70961 89
1747930641495 0.71676 90
1747930716685 0.71938 91
1747930792677 0.74602 92
1747930869407 0.70814 93
1747930944364 0.73 94
1747931020201 0.72304 95
1747931096837 0.71329 96
1747931174035 0.70662 97
1747931250357 0.709 98
1747931326514 0.71906 99
1747931330351 0.7790598147440796 99
