1747922869389 0.75019 0
1747922955235 0.88618 1
1747923047683 0.73215 2
1747923153409 0.56961 3
1747923231040 0.50655 4
1747923306231 0.6067 5
1747923381224 0.3973 6
1747923456167 0.73999 7
1747923535241 0.45213 8
1747923609782 0.69193 9
1747923688357 0.78966 10
1747923762570 0.76262 11
1747923837648 0.74554 12
1747923918242 0.68638 13
1747923993679 0.86851 14
1747924074954 0.94355 15
1747924149787 0.88931 16
1747924229805 0.97529 17
1747924307969 0.96409 18
1747924390403 0.96503 19
1747924475220 0.82767 20
1747924552596 0.89813 21
1747924635984 0.84011 22
1747924720613 0.91204 23
1747924802172 0.90251 24
1747924883398 0.83229 25
1747924967212 0.87019 26
1747925048386 0.84267 27
1747925126760 0.7558 28
1747925210244 0.81949 29
1747925286029 0.94096 30
1747925368631 0.91528 31
1747925451412 0.92259 32
1747925528491 0.8626 33
1747925612521 0.82862 34
1747925690828 0.90543 35
1747925769411 0.97333 36
1747925848098 0.9352 37
1747925924268 0.94663 38
1747926005129 0.98397 39
1747926077672 0.97405 40
1747926159415 0.98195 41
1747926236180 0.8744 42
1747926313589 0.88005 43
1747926395488 0.97529 44
1747926469586 0.98889 45
1747926550376 0.979 46
1747926631739 0.98364 47
1747926707479 0.94537 48
1747926789371 0.9127 49
1747926870301 0.96131 50
1747926948465 0.96494 51
1747927030023 0.98621 52
1747927111122 0.99222 53
1747927191097 0.995 54
1747927270851 0.95683 55
1747927351693 0.97242 56
1747927432914 0.98195 57
1747927518285 0.93361 58
1747927599824 0.84609 59
1747927682072 0.82101 60
1747927765509 0.94618 61
1747927863021 0.98268 62
1747927984230 0.99222 63
1747928103067 0.995 64
1747928225708 0.98556 65
1747928345675 0.97078 66
1747928864662 0.97536 67
1747928945841 0.92773 68
1747929019462 0.93126 69
1747929096031 0.97843 70
1747929184438 0.99222 71
1747929258091 0.99222 72
1747929325918 0.96589 73
1747929400968 0.94707 74
1747929468130 0.9405 75
1747929539400 0.96116 76
1747929620424 0.91357 77
1747929701233 0.98342 78
1747929777494 0.98222 79
1747929845977 0.95893 80
1747929924016 0.94568 81
1747930004394 0.9341 82
1747930084626 0.95205 83
1747930165284 0.96123 84
1747930245173 0.9426 85
1747930324568 0.97333 86
1747930403192 0.9785 87
1747930485203 0.98397 88
1747930560845 0.97322 89
1747930641495 0.995 90
1747930716685 0.995 91
1747930792677 0.995 92
1747930869407 0.98621 93
1747930944364 0.98342 94
1747931020201 0.97967 95
1747931096837 0.97967 96
1747931174035 0.98268 97
1747931250357 0.98268 98
1747931326514 0.98621 99
1747931330351 0.9819467787114848 99
