1747922869389 0.61514 0
1747922955235 0.90145 1
1747923047683 0.89262 2
1747923153409 0.51655 3
1747923231040 0.48227 4
1747923306231 0.60466 5
1747923381224 0.38403 6
1747923456167 0.67922 7
1747923535241 0.47331 8
1747923609782 0.76823 9
1747923688357 0.79764 10
1747923762570 0.8839 11
1747923837648 0.684 12
1747923918242 0.76972 13
1747923993679 0.79105 14
1747924074954 0.92625 15
1747924149787 0.91833 16
1747924229805 1.0 17
1747924307969 0.9764 18
1747924390403 0.89395 19
1747924475220 0.75836 20
1747924552596 0.7366 21
1747924635984 0.81771 22
1747924720613 0.93211 23
1747924802172 0.87231 24
1747924883398 0.66108 25
1747924967212 0.77163 26
1747925048386 0.81806 27
1747925126760 0.76066 28
1747925210244 0.80176 29
1747925286029 0.83732 30
1747925368631 0.87426 31
1747925451412 0.88425 32
1747925528491 0.6905 33
1747925612521 0.79732 34
1747925690828 0.83175 35
1747925769411 0.84911 36
1747925848098 0.79805 37
1747925924268 0.81692 38
1747926005129 0.96476 39
1747926077672 0.93432 40
1747926159415 0.94083 41
1747926236180 0.85905 42
1747926313589 0.93267 43
1747926395488 0.99861 44
1747926469586 0.93004 45
1747926550376 1.0 46
1747926631739 0.93707 47
1747926707479 0.83575 48
1747926789371 0.84058 49
1747926870301 1.0 50
1747926948465 0.88134 51
1747927030023 0.88073 52
1747927111122 0.94302 53
1747927191097 1.0 54
1747927270851 0.82816 55
1747927351693 0.99501 56
1747927432914 0.94021 57
1747927518285 0.8756 58
1747927599824 0.84499 59
1747927682072 0.83597 60
1747927765509 0.96788 61
1747927863021 0.94082 62
1747927984230 0.93766 63
1747928103067 0.99089 64
1747928225708 0.94355 65
1747928345675 0.93666 66
1747928864662 1.0 67
1747928945841 0.858 68
1747929019462 0.93288 69
1747929096031 1.0 70
1747929184438 0.99165 71
1747929258091 0.93722 72
1747929325918 0.93564 73
1747929400968 0.87591 74
1747929468130 0.8809 75
1747929539400 0.99421 76
1747929620424 0.84048 77
1747929701233 0.89346 78
1747929777494 0.93773 79
1747929845977 0.84645 80
1747929924016 0.88246 81
1747930004394 0.84106 82
1747930084626 0.83584 83
1747930165284 0.93741 84
1747930245173 0.83687 85
1747930324568 0.84948 86
1747930403192 0.95276 87
1747930485203 0.94058 88
1747930560845 0.87259 89
1747930641495 1.0 90
1747930716685 0.93996 91
1747930792677 0.93032 92
1747930869407 0.89001 93
1747930944364 0.87967 94
1747931020201 0.86876 95
1747931096837 0.86688 96
1747931174035 0.89004 97
1747931250357 0.89409 98
1747931326514 0.88871 99
1747931330351 0.9402012955905517 99
