1747922869389 0.70588 0
1747922955235 0.64706 1
1747923047683 0.64706 2
1747923153409 0.64706 3
1747923231040 0.58824 4
1747923306231 0.70588 5
1747923381224 0.47059 6
1747923456167 0.74799 7
1747923535241 0.58176 8
1747923609782 0.64706 9
1747923688357 0.70588 10
1747923762570 0.58824 11
1747923837648 0.764 12
1747923918242 0.64706 13
1747923993679 0.64706 14
1747924074954 0.94118 15
1747924149787 0.76471 16
1747924229805 0.86951 17
1747924307969 0.88235 18
1747924390403 0.99205 19
1747924475220 0.82353 20
1747924552596 0.98745 21
1747924635984 0.76471 22
1747924720613 0.88235 23
1747924802172 0.80455 24
1747924883398 1.0 25
1747924967212 0.88235 26
1747925048386 0.82353 27
1747925126760 0.74853 28
1747925210244 0.71418 29
1747925286029 0.94118 30
1747925368631 0.82353 31
1747925451412 0.94118 32
1747925528491 0.94118 33
1747925612521 0.82353 34
1747925690828 0.87287 35
1747925769411 0.99341 36
1747925848098 0.88235 37
1747925924268 0.88235 38
1747926005129 0.88235 39
1747926077672 0.88235 40
1747926159415 0.93557 41
1747926236180 0.82353 42
1747926313589 0.81531 43
1747926395488 0.88235 44
1747926469586 1.0 45
1747926550376 0.93557 46
1747926631739 0.94118 47
1747926707479 0.94118 48
1747926789371 0.93097 49
1747926870301 0.87865 50
1747926948465 0.94118 51
1747927030023 1.0 52
1747927111122 1.0 53
1747927191097 0.99997 54
1747927270851 0.94118 55
1747927351693 0.94118 56
1747927432914 0.92579 57
1747927518285 0.82836 58
1747927599824 0.82353 59
1747927682072 0.76471 60
1747927765509 0.82353 61
1747927863021 0.9355 62
1747927984230 1.0 63
1747928103067 1.0 64
1747928225708 0.98387 65
1747928345675 0.94118 66
1747928864662 0.91666 67
1747928945841 0.88235 68
1747929019462 0.8179 69
1747929096031 0.88122 70
1747929184438 0.94118 71
1747929258091 1.0 72
1747929325918 0.94118 73
1747929400968 0.88235 74
1747929468130 0.87074 75
1747929539400 0.82353 76
1747929620424 0.93026 77
1747929701233 0.98714 78
1747929777494 1.0 79
1747929845977 1.0 80
1747929924016 0.94118 81
1747930004394 0.9342 82
1747930084626 0.94118 83
1747930165284 0.88105 84
1747930245173 0.94118 85
1747930324568 0.99611 86
1747930403192 0.88235 87
1747930485203 0.94118 88
1747930560845 0.94118 89
1747930641495 0.97391 90
1747930716685 1.0 91
1747930792677 1.0 92
1747930869407 1.0 93
1747930944364 1.0 94
1747931020201 1.0 95
1747931096837 1.0 96
1747931174035 1.0 97
1747931250357 0.99348 98
1747931326514 1.0 99
1747931330351 0.9255736706252968 99
