1747856188594 0.87276 0
1747856232022 0.76816 1
1747856296024 0.80477 2
1747856339813 0.82097 3
1747856377522 0.80158 4
1747856415667 0.85895 5
1747856465807 0.8752 6
1747856513444 0.85696 7
1747856559175 0.92661 8
1747856603587 0.93514 9
1747856662998 0.94021 10
1747856714090 0.86071 11
1747856748006 0.81284 12
1747856797801 0.92969 13
1747856842342 0.90572 14
1747856879756 0.80944 15
1747856915099 0.87184 16
1747856951311 0.79555 17
1747856989484 0.8174 18
1747857031921 0.83612 19
1747857076154 0.93789 20
1747857113759 0.8453 21
1747857147799 0.76575 22
1747857181103 0.82322 23
1747857217039 0.83793 24
1747857254838 0.91273 25
1747857297286 0.81742 26
1747857336765 0.75315 27
1747857371224 0.83184 28
1747857404133 0.68292 29
1747857443900 0.82197 30
1747857489332 0.7884 31
1747857523371 0.79261 32
1747857561557 0.76923 33
1747857606585 0.72033 34
1747857647402 0.78845 35
1747857680566 0.73489 36
1747857712802 0.72411 37
1747857744398 0.68558 38
1747857777302 0.73643 39
1747857811959 0.6685 40
1747857851425 0.66129 41
1747857890477 0.73699 42
1747857923437 0.65719 43
1747857959105 0.64643 44
1747857996353 0.65407 45
1747858027964 0.67105 46
1747858059590 0.5981 47
1747858106093 0.63115 48
1747858141021 0.58843 49
1747858172906 0.62674 50
1747858213413 0.58882 51
1747858258030 0.60221 52
1747858289534 0.5966 53
1747858322331 0.66161 54
1747858368377 0.57888 55
1747858418774 0.56656 56
1747858455430 0.56148 57
1747858487663 0.56462 58
1747858521839 0.60751 59
1747858566243 0.60908 60
1747858610084 0.58195 61
1747858656439 0.56821 62
1747858695388 0.59253 63
1747858727475 0.51775 64
1747858761495 0.52488 65
1747858800445 0.5283 66
1747858842108 0.52656 67
1747858884409 0.48899 68
1747858923326 0.45452 69
1747858957341 0.51725 70
1747858990542 0.4834 71
1747859026522 0.53111 72
1747859064551 0.44974 73
1747859107541 0.4445 74
1747859149757 0.53501 75
1747859186452 0.51924 76
1747859220044 0.48304 77
1747859253134 0.47897 78
1747859290162 0.46942 79
1747859329019 0.46685 80
1747859369289 0.54727 81
1747859405115 0.46555 82
1747859437861 0.44348 83
1747859476206 0.42058 84
1747859515452 0.46387 85
1747859552716 0.47646 86
1747859588812 0.46369 87
1747859626038 0.40429 88
1747859667372 0.41891 89
1747859707863 0.33844 90
1747859743580 0.34995 91
1747859779406 0.30591 92
1747859818760 0.55744 93
1747859859226 0.34033 94
1747859907495 0.41313 95
1747859955265 0.29394 96
1747859993723 0.32732 97
1747860033341 0.2813 98
1747860076710 0.34735 99
