1747856188594 2.39638 0
1747856232022 1.48094 1
1747856296024 1.40816 2
1747856339813 1.31235 3
1747856377522 1.23931 4
1747856415667 1.18714 5
1747856465807 1.27899 6
1747856513444 1.20345 7
1747856559175 1.21074 8
1747856603587 1.19999 9
1747856662998 1.28267 10
1747856714090 1.1679 11
1747856748006 1.0471 12
1747856797801 1.18091 13
1747856842342 1.07904 14
1747856879756 1.01414 15
1747856915099 1.01614 16
1747856951311 1.00281 17
1747856989484 1.01104 18
1747857031921 0.95782 19
1747857076154 1.06164 20
1747857113759 1.01071 21
1747857147799 0.92777 22
1747857181103 0.94639 23
1747857217039 0.87132 24
1747857254838 1.10184 25
1747857297286 0.8911 26
1747857336765 0.8605 27
1747857371224 0.8712 28
1747857404133 0.77654 29
1747857443900 0.85612 30
1747857489332 0.8355 31
1747857523371 0.79274 32
1747857561557 0.76292 33
1747857606585 0.79867 34
1747857647402 0.79545 35
1747857680566 0.70789 36
1747857712802 0.75394 37
1747857744398 0.70329 38
1747857777302 0.72119 39
1747857811959 0.65868 40
1747857851425 0.70947 41
1747857890477 0.75932 42
1747857923437 0.65845 43
1747857959105 0.66294 44
1747857996353 0.69594 45
1747858027964 0.64622 46
1747858059590 0.6492 47
1747858106093 0.63073 48
1747858141021 0.62648 49
1747858172906 0.57975 50
1747858213413 0.61004 51
1747858258030 0.56911 52
1747858289534 0.60867 53
1747858322331 0.67798 54
1747858368377 0.59639 55
1747858418774 0.58413 56
1747858455430 0.57142 57
1747858487663 0.54151 58
1747858521839 0.65602 59
1747858566243 0.62119 60
1747858610084 0.5599 61
1747858656439 0.5426 62
1747858695388 0.55329 63
1747858727475 0.50545 64
1747858761495 0.50049 65
1747858800445 0.49146 66
1747858842108 0.47872 67
1747858884409 0.46201 68
1747858923326 0.45919 69
1747858957341 0.5158 70
1747858990542 0.44797 71
1747859026522 0.53561 72
1747859064551 0.44527 73
1747859107541 0.39056 74
1747859149757 0.50289 75
1747859186452 0.44002 76
1747859220044 0.47493 77
1747859253134 0.42678 78
1747859290162 0.43859 79
1747859329019 0.41939 80
1747859369289 0.4902 81
1747859405115 0.41837 82
1747859437861 0.45292 83
1747859476206 0.39522 84
1747859515452 0.42922 85
1747859552716 0.42039 86
1747859588812 0.41043 87
1747859626038 0.38544 88
1747859667372 0.40973 89
1747859707863 0.57989 90
1747859743580 0.50618 91
1747859779406 0.37806 92
1747859818760 0.56159 93
1747859859226 0.42024 94
1747859907495 0.3508 95
1747859955265 0.33923 96
1747859993723 0.34605 97
1747860033341 0.30484 98
1747860076710 0.35183 99
