1747856188594 1.34699 0
1747856232022 1.22608 1
1747856296024 1.26627 2
1747856339813 1.27534 3
1747856377522 1.24436 4
1747856415667 1.31306 5
1747856465807 1.29337 6
1747856513444 1.29196 7
1747856559175 1.34588 8
1747856603587 1.35026 9
1747856662998 1.37294 10
1747856714090 1.28064 11
1747856748006 1.2335 12
1747856797801 1.33706 13
1747856842342 1.28863 14
1747856879756 1.24179 15
1747856915099 1.24351 16
1747856951311 1.24266 17
1747856989484 1.23345 18
1747857031921 1.25166 19
1747857076154 1.34126 20
1747857113759 1.25228 21
1747857147799 1.23307 22
1747857181103 1.20404 23
1747857217039 1.22531 24
1747857254838 1.36949 25
1747857297286 1.25206 26
1747857336765 1.2243 27
1747857371224 1.27025 28
1747857404133 1.14256 29
1747857443900 1.23488 30
1747857489332 1.22177 31
1747857523371 1.21842 32
1747857561557 1.20255 33
1747857606585 1.17859 34
1747857647402 1.24444 35
1747857680566 1.15008 36
1747857712802 1.1937 37
1747857744398 1.13444 38
1747857777302 1.20487 39
1747857811959 1.16632 40
1747857851425 1.13294 41
1747857890477 1.19338 42
1747857923437 1.11759 43
1747857959105 1.10499 44
1747857996353 1.16562 45
1747858027964 1.17787 46
1747858059590 1.0981 47
1747858106093 1.10541 48
1747858141021 1.0837 49
1747858172906 1.10392 50
1747858213413 1.08147 51
1747858258030 1.08301 52
1747858289534 1.11242 53
1747858322331 1.16747 54
1747858368377 1.07443 55
1747858418774 1.05834 56
1747858455430 1.0684 57
1747858487663 1.06358 58
1747858521839 1.16027 59
1747858566243 1.13443 60
1747858610084 1.08821 61
1747858656439 1.06922 62
1747858695388 1.071 63
1747858727475 1.03155 64
1747858761495 1.01919 65
1747858800445 1.06128 66
1747858842108 1.04108 67
1747858884409 1.01772 68
1747858923326 1.02273 69
1747858957341 1.03891 70
1747858990542 0.99875 71
1747859026522 1.09364 72
1747859064551 0.97432 73
1747859107541 0.98905 74
1747859149757 1.05676 75
1747859186452 1.07394 76
1747859220044 1.03106 77
1747859253134 1.00132 78
1747859290162 1.01594 79
1747859329019 1.00901 80
1747859369289 1.06503 81
1747859405115 1.00642 82
1747859437861 1.01214 83
1747859476206 0.98085 84
1747859515452 1.02258 85
1747859552716 1.01961 86
1747859588812 1.01566 87
1747859626038 0.96856 88
1747859667372 1.00056 89
1747859707863 0.94657 90
1747859743580 0.98154 91
1747859779406 0.91064 92
1747859818760 1.17278 93
1747859859226 0.96658 94
1747859907495 1.01382 95
1747859955265 0.88906 96
1747859993723 0.93431 97
1747860033341 0.87478 98
1747860076710 0.92464 99
