1747853958120 0.0 0
1747854025620 0.0 1
1747854097884 0.0 2
1747854166299 0.0 3
1747854237048 0.0 4
1747854305914 0.0 5
1747854374177 0.0 6
1747854440579 0.0 7
1747854518505 0.0 8
1747854601081 0.0 9
1747854682104 0.0 10
1747854768952 0.0 11
1747854860035 0.0 12
1747854942526 0.0 13
1747855014389 0.0 14
1747855092387 0.0 15
1747855161741 0.0 16
1747855232834 0.0 17
1747855301372 0.0 18
1747855368988 0.0 19
1747855438451 0.0 20
1747855506429 0.0 21
1747855572674 0.0 22
1747855642622 0.0 23
1747855727573 0.0 24
1747855813250 0.0 25
1747855896407 0.0 26
1747855980873 0.0 27
