1747919850886 8e-05 0
1747919874909 0.000178218 1
1747919897282 0.000274456 2
1747919918949 0.000368714 3
1747919940677 0.000460992 4
1747919965707 0.0005512900000000001 5
1747919989353 0.000639608 6
1747920016328 0.0007259460000000001 7
1747920039636 0.0008103040000000001 8
1747920063546 0.000892682 9
1747920088492 0.00097308 10
1747920110688 0.0010514979999999999 11
1747920132894 0.001127936 12
1747920156979 0.0012023939999999999 13
1747920178964 0.001274872 14
1747920201617 0.00134537 15
1747920226093 0.001413888 16
1747920248339 0.001480426 17
1747920271605 0.0015449840000000003 18
1747920295646 0.0016075620000000003 19
1747920319772 0.0016040000000000002 20
1747920342730 0.0015842 21
1747920365587 0.0015644 22
1747920389014 0.0015446 23
1747920412386 0.0015248 24
1747920435963 0.0015049999999999998 25
1747920458366 0.0014852 26
1747920482769 0.0014654000000000002 27
1747920505854 0.0014456 28
1747920528922 0.0014258 29
1747920552842 0.001406 30
1747920576864 0.0013862 31
1747920599903 0.0013663999999999998 32
1747920623540 0.0013465999999999999 33
1747920646302 0.0013267999999999997 34
1747920669741 0.001307 35
1747920693550 0.0012872 36
1747920717250 0.0012674000000000001 37
1747920740735 0.0012476 38
1747920764807 0.0012278 39
1747920786912 0.001208 40
1747920811493 0.0011882000000000002 41
1747920833274 0.0011684000000000002 42
1747920855387 0.0011486 43
1747920878271 0.0011288000000000001 44
1747920902198 0.001109 45
1747920925106 0.0010892000000000002 46
1747920950219 0.0010694 47
1747920980092 0.0010496000000000001 48
1747921004929 0.0010298 49
1747921034977 0.00101 50
1747921058395 0.0009901999999999999 51
1747921082558 0.0009704 52
1747921105112 0.0009506 53
1747921127671 0.0009308 54
1747921151350 0.0009109999999999999 55
1747921174403 0.0008911999999999999 56
1747921197013 0.0008714 57
1747921221104 0.0008516000000000001 58
1747921245398 0.0008318000000000002 59
1747921267920 0.0008120000000000001 60
1747921292177 0.0007922000000000001 61
1747921317472 0.0007724 62
1747921341593 0.0007526000000000001 63
1747921364767 0.0007328 64
1747921388971 0.000713 65
1747921414230 0.0006931999999999999 66
1747921438020 0.0006733999999999999 67
1747921462230 0.0006536 68
1747921486135 0.0006338000000000001 69
1747921510362 0.0006140000000000001 70
1747921534601 0.0005942 71
1747921559285 0.0005744000000000001 72
1747921583871 0.0005546000000000001 73
1747921608100 0.0005348000000000001 74
1747921631894 0.000515 75
1747921656623 0.0004952 76
1747921680681 0.0004754 77
1747921706431 0.00045559999999999996 78
1747921730749 0.00043579999999999997 79
1747921755879 0.0004159999999999999 80
1747921781700 0.00039619999999999987 81
1747921806010 0.00037640000000000015 82
1747921831501 0.0003566000000000001 83
1747921855732 0.0003368000000000001 84
1747921881331 0.00031700000000000006 85
1747921904796 0.0002972 86
1747921928935 0.0002774 87
1747921953758 0.00025760000000000003 88
1747921978128 0.00023779999999999995 89
1747922002245 0.00021799999999999996 90
1747922032865 0.00019819999999999994 91
1747922059793 0.00017839999999999992 92
1747922083323 0.00015859999999999987 93
1747922106065 0.0001388000000000001 94
1747922132392 0.0001190000000000001 95
1747922153879 9.920000000000008e-05 96
1747922176893 7.940000000000006e-05 97
1747922200909 5.9600000000000046e-05 98
1747922222614 3.980000000000002e-05 99
