1747853934997 0.00018 0
1747854001640 0.00037623800000000004 1
1747854071449 0.000568516 2
1747854141007 0.000756834 3
1747854211685 0.000941192 4
1747854280798 0.0011215900000000002 5
1747854350020 0.001298028 6
1747854416512 0.0014705060000000001 7
1747854484049 0.0016390240000000002 8
1747854568941 0.001803582 9
1747854654155 0.001802 10
1747854733368 0.0017822 11
1747854827788 0.0017624 12
1747854915432 0.0017426 13
1747854987750 0.0017228 14
1747855065344 0.001703 15
1747855135533 0.0016832000000000001 16
1747855206501 0.0016634 17
1747855275334 0.0016436000000000003 18
1747855341607 0.0016238000000000001 19
1747855413232 0.0016040000000000002 20
1747855479853 0.0015842 21
1747855546376 0.0015644 22
1747855614606 0.0015446 23
1747855699757 0.0015248 24
1747855774100 0.0015049999999999998 25
1747855869594 0.0014852 26
1747855950419 0.0014654000000000002 27
