1747922865479 1.37136 0
1747922953473 1.08091 1
1747923044982 0.98006 2
1747923150434 0.90085 3
1747923229263 0.92995 4
1747923304464 0.93895 5
1747923379410 0.90214 6
1747923454363 0.86728 7
1747923533271 0.96231 8
1747923607781 0.91347 9
1747923686468 0.87055 10
1747923760759 0.8539 11
1747923835768 0.85331 12
1747923916414 0.85411 13
1747923991828 0.79897 14
1747924073063 0.83861 15
1747924147942 0.78212 16
1747924227827 0.78421 17
1747924306085 0.72388 18
1747924387853 0.7896 19
1747924473125 0.74433 20
1747924550747 0.75737 21
1747924633942 0.72632 22
1747924718333 0.70821 23
1747924800404 0.72425 24
1747924881420 0.68858 25
1747924965166 0.73883 26
1747925046538 0.7025 27
1747925124771 0.68855 28
1747925208301 0.66434 29
1747925284151 0.71109 30
1747925366511 0.71729 31
1747925449379 0.66649 32
1747925526528 0.62421 33
1747925610414 0.64587 34
1747925688998 0.66114 35
1747925767318 0.64444 36
1747925846180 0.61374 37
1747925922154 0.58502 38
1747926003127 0.61473 39
1747926075773 0.6034 40
1747926157416 0.59393 41
1747926234400 0.61477 42
1747926311290 0.59647 43
1747926393477 0.59858 44
1747926467779 0.58974 45
1747926548186 0.58845 46
1747926629901 0.57419 47
1747926705376 0.56293 48
1747926787325 0.57845 49
1747926868339 0.5678 50
1747926946637 0.55867 51
1747927027843 0.55706 52
1747927108965 0.50849 53
1747927189149 0.5449 54
1747927268713 0.53445 55
1747927349773 0.52544 56
1747927431010 0.52025 57
1747927516175 0.5411 58
1747927598065 0.52501 59
1747927680084 0.51458 60
1747927763632 0.5004 61
1747927860059 0.49809 62
1747927981157 0.48392 63
1747928100042 0.49035 64
1747928222666 0.4845 65
1747928342686 0.49345 66
1747928862164 0.45432 67
1747928944087 0.47213 68
1747929017693 0.50118 69
1747929094186 0.47188 70
1747929181984 0.46902 71
1747929256494 0.44259 72
1747929324168 0.44462 73
1747929399051 0.43542 74
1747929466502 0.41795 75
1747929537546 0.42243 76
1747929618399 0.46112 77
1747929698779 0.43252 78
1747929775866 0.44224 79
1747929844031 0.43084 80
1747929922051 0.43254 81
1747930002332 0.39147 82
1747930082689 0.40353 83
1747930163232 0.39931 84
1747930242985 0.40588 85
1747930322546 0.40396 86
1747930401198 0.38597 87
1747930483147 0.38645 88
1747930558792 0.39503 89
1747930639386 0.30632 90
1747930714667 0.28235 91
1747930790774 0.28305 92
1747930867182 0.27708 93
1747930942459 0.27744 94
1747931018327 0.25524 95
1747931094582 0.27086 96
1747931172171 0.25 97
1747931248452 0.25265 98
1747931324523 0.25012 99
