1747922865479 1.71954 0
1747922953473 1.06937 1
1747923044982 0.9815 2
1747923150434 0.9165 3
1747923229263 0.90249 4
1747923304464 0.90954 5
1747923379410 0.89361 6
1747923454363 0.89795 7
1747923533271 0.94091 8
1747923607781 0.89732 9
1747923686468 0.85591 10
1747923760759 0.86485 11
1747923835768 0.7776 12
1747923916414 0.78902 13
1747923991828 0.74677 14
1747924073063 0.74963 15
1747924147942 0.73129 16
1747924227827 0.70875 17
1747924306085 0.72132 18
1747924387853 0.70024 19
1747924473125 0.68888 20
1747924550747 0.64935 21
1747924633942 0.68442 22
1747924718333 0.61074 23
1747924800404 0.64386 24
1747924881420 0.58501 25
1747924965166 0.61836 26
1747925046538 0.60144 27
1747925124771 0.60765 28
1747925208301 0.58739 29
1747925284151 0.62434 30
1747925366511 0.59753 31
1747925449379 0.59893 32
1747925526528 0.52871 33
1747925610414 0.58363 34
1747925688998 0.56288 35
1747925767318 0.54789 36
1747925846180 0.52145 37
1747925922154 0.5046 38
1747926003127 0.49735 39
1747926075773 0.49581 40
1747926157416 0.48088 41
1747926234400 0.49649 42
1747926311290 0.49189 43
1747926393477 0.49848 44
1747926467779 0.4887 45
1747926548186 0.4715 46
1747926629901 0.45383 47
1747926705376 0.46261 48
1747926787325 0.47347 49
1747926868339 0.46642 50
1747926946637 0.47912 51
1747927027843 0.45811 52
1747927108965 0.42533 53
1747927189149 0.45303 54
1747927268713 0.45248 55
1747927349773 0.43077 56
1747927431010 0.41814 57
1747927516175 0.42072 58
1747927598065 0.42403 59
1747927680084 0.42538 60
1747927763632 0.3992 61
1747927860059 0.41875 62
1747927981157 0.38768 63
1747928100042 0.39777 64
1747928222666 0.38819 65
1747928342686 0.40345 66
1747928862164 0.36558 67
1747928944087 0.38165 68
1747929017693 0.40353 69
1747929094186 0.37944 70
1747929181984 0.39228 71
1747929256494 0.36592 72
1747929324168 0.37301 73
1747929399051 0.35856 74
1747929466502 0.34439 75
1747929537546 0.35091 76
1747929618399 0.3757 77
1747929698779 0.36611 78
1747929775866 0.35316 79
1747929844031 0.33961 80
1747929922051 0.34249 81
1747930002332 0.31565 82
1747930082689 0.33808 83
1747930163232 0.34199 84
1747930242985 0.33179 85
1747930322546 0.32613 86
1747930401198 0.31409 87
1747930483147 0.30973 88
1747930558792 0.32766 89
1747930639386 0.31555 90
1747930714667 0.26253 91
1747930790774 0.24693 92
1747930867182 0.23346 93
1747930942459 0.22917 94
1747931018327 0.21194 95
1747931094582 0.22567 96
1747931172171 0.20348 97
1747931248452 0.21306 98
1747931324523 0.20763 99
