1747922865479 1.78215 0
1747922953473 1.52905 1
1747923044982 1.45959 2
1747923150434 1.39433 3
1747923229263 1.39549 4
1747923304464 1.40624 5
1747923379410 1.36591 6
1747923454363 1.36963 7
1747923533271 1.44075 8
1747923607781 1.39289 9
1747923686468 1.35748 10
1747923760759 1.36139 11
1747923835768 1.3245 12
1747923916414 1.31537 13
1747923991828 1.30111 14
1747924073063 1.34814 15
1747924147942 1.28974 16
1747924227827 1.28762 17
1747924306085 1.25033 18
1747924387853 1.29726 19
1747924473125 1.2528 20
1747924550747 1.26388 21
1747924633942 1.22776 22
1747924718333 1.22963 23
1747924800404 1.2328 24
1747924881420 1.22101 25
1747924965166 1.27026 26
1747925046538 1.20546 27
1747925124771 1.22089 28
1747925208301 1.17962 29
1747925284151 1.23373 30
1747925366511 1.24325 31
1747925449379 1.2115 32
1747925526528 1.16995 33
1747925610414 1.19314 34
1747925688998 1.18796 35
1747925767318 1.19095 36
1747925846180 1.16629 37
1747925922154 1.14321 38
1747926003127 1.1396 39
1747926075773 1.14235 40
1747926157416 1.14867 41
1747926234400 1.14509 42
1747926311290 1.15327 43
1747926393477 1.16418 44
1747926467779 1.1202 45
1747926548186 1.13975 46
1747926629901 1.12014 47
1747926705376 1.12757 48
1747926787325 1.13976 49
1747926868339 1.13779 50
1747926946637 1.11727 51
1747927027843 1.11092 52
1747927108965 1.07855 53
1747927189149 1.11535 54
1747927268713 1.09376 55
1747927349773 1.10867 56
1747927431010 1.10067 57
1747927516175 1.10135 58
1747927598065 1.09471 59
1747927680084 1.0953 60
1747927763632 1.08911 61
1747927860059 1.0924 62
1747927981157 1.08482 63
1747928100042 1.06627 64
1747928222666 1.06085 65
1747928342686 1.07703 66
1747928862164 1.0435 67
1747928944087 1.03991 68
1747929017693 1.06996 69
1747929094186 1.06508 70
1747929181984 1.0488 71
1747929256494 1.0516 72
1747929324168 1.04225 73
1747929399051 1.04349 74
1747929466502 1.01197 75
1747929537546 1.03942 76
1747929618399 1.04461 77
1747929698779 1.05837 78
1747929775866 1.05574 79
1747929844031 1.05068 80
1747929922051 1.04306 81
1747930002332 1.00781 82
1747930082689 1.02806 83
1747930163232 1.01998 84
1747930242985 1.01157 85
1747930322546 1.02444 86
1747930401198 0.99274 87
1747930483147 0.99313 88
1747930558792 1.01156 89
1747930639386 0.99014 90
1747930714667 0.97317 91
1747930790774 0.96728 92
1747930867182 0.92771 93
1747930942459 0.95512 94
1747931018327 0.94974 95
1747931094582 0.95712 96
1747931172171 0.91907 97
1747931248452 0.9415 98
1747931324523 0.93295 99
